191
9784 12
78920 13793 19016 66459 38253 96746 65309 18143 43056 87305 55441 67463 
976 20
25452 69105 89648 84913 20915 2565 61575 79713 78129 70061 27399 92649 96395 40726 7768 3121 3485 61758 1581 84408 
9285 16
65242 5962 31541 78262 41747 31449 22749 31286 57207 97926 95510 29181 47155 5194 91577 8888 
1972 20
1204 59595 65662 65305 29462 74387 11627 78442 79347 81506 35132 8613 78954 47295 23587 74510 32969 33606 32437 70806 
3587 19
98925 77624 82571 36870 62887 76991 47667 47266 97694 3095 80634 3996 588 10042 26544 22008 71920 55026 20184 
7548 18
44700 83635 26901 40598 90863 95147 47156 51472 81844 19634 23995 37090 29927 82519 8095 63883 27624 57211 
6805 19
8175 5852 63182 87313 12103 12320 4740 21120 83178 49444 72651 83935 6252 7080 96088 51279 85071 20240 59020 
4238 18
52583 85607 72704 93585 73384 44583 3505 65388 6936 43477 54146 48234 22680 47245 859 12679 62206 8804 
6367 19
8507 89772 95063 18716 68008 74113 41361 7512 51554 12701 4513 51998 55679 59315 55688 4138 46085 85339 53725 
1788 20
69912 98365 26980 62435 33945 40213 80717 13868 35161 23627 97808 3752 74816 71187 64524 31018 23488 52092 76629 98672 
7526 19
82076 36119 86711 9793 39612 76653 55696 63776 25592 82310 62487 46004 90177 90850 38532 47577 4733 14402 7643 
9789 16
11683 39085 64435 71738 14352 15583 91474 41201 31008 62942 68056 4156 77978 15610 85237 58980 
6775 19
46827 18653 38220 45455 47371 20503 91134 21603 77959 1486 30379 16085 64188 51108 13257 2439 80551 15497 40484 
7849 18
98388 54789 36985 54824 35641 22282 32800 8379 61264 13840 22266 10587 3736 32308 25389 60223 23937 30624 
147 19
85475 37898 25669 55169 77014 37483 53926 37740 14550 52718 63425 73296 19749 94927 22178 10586 68662 35845 88118 
1462 19
38284 39622 35974 60803 75386 27150 70942 86126 59723 46544 82755 87051 36147 45781 61418 7073 99149 81947 98340 
5267 13
49017 75161 92067 83759 29287 71531 33916 16034 41858 63954 96472 73352 73395 
909 20
89774 1692 42366 87173 17502 33171 23621 27663 24854 75877 65927 51278 94417 31093 87262 3975 8163 92502 53707 68062 
1730 20
23635 31005 29521 14125 33137 3985 92916 96830 39910 60663 19580 68670 72761 83809 62644 2446 61511 24367 14141 42927 
3511 20
86459 67403 49801 16661 73895 87866 36645 21298 78003 96446 98336 26075 84028 25701 58760 62307 52794 96366 36731 39541 
974 20
50584 81788 36841 18860 95871 2107 8501 18023 29246 52218 90806 59834 5647 34577 44538 75170 50200 59541 81697 52876 
6721 17
31450 26840 59425 43558 4485 15970 41830 64202 95079 15773 57370 7914 14674 45298 97993 70375 69129 
9962 20
61263 96903 92955 32814 59462 75876 58369 94676 94146 84389 57707 73156 16559 29450 93742 27352 39096 23354 65389 88430 
7833 20
48921 80729 81100 15040 75439 28263 13413 27970 6455 13335 25955 76171 17284 55296 951 65603 77924 82706 28929 96292 
5591 19
24683 83878 26456 97283 88136 52095 81217 99839 51549 61275 50450 88878 58858 39808 8994 14661 91090 96137 69509 
5660 18
15445 65059 1565 69159 27474 52548 65905 85486 76460 95323 35743 45437 52943 69632 24330 2403 3469 86518 
8031 19
51952 75494 53262 67092 26165 40700 94596 96486 74360 88491 89899 2751 81537 21003 97591 91615 86716 60661 34333 
2829 19
77091 27028 91436 60182 74154 85080 9546 8252 41562 13207 97508 91369 85274 82823 97725 56084 85013 52043 96141 
3252 18
39908 48006 73258 64590 47058 42389 34047 60014 19691 88550 48502 59604 62024 4770 19448 53769 45418 99535 
9716 12
4077 64898 38504 51603 46856 1592 72283 78428 62087 32372 38187 81800 
9715 12
50895 54869 57383 25239 80875 82107 83814 18413 88715 36711 57131 13971 
9714 19
53291 50532 32449 66724 78860 5309 62448 44892 37184 54495 66213 99827 55377 86864 56006 11274 1713 81462 1513 
9713 19
60065 19566 25139 23881 68845 78852 16817 95474 2191 67220 80613 54868 18116 30492 6232 48285 11934 62078 27696 
9712 15
74180 18452 42401 62251 43143 97276 98188 67847 40609 9043 32420 94479 753 32151 80261 
9711 14
1819 93192 60424 89359 75399 79796 52329 15518 88659 89534 34543 26597 26566 93838 
9710 16
6781 2326 20296 81390 3434 31160 3849 35928 75325 67212 30201 983 93727 63170 56679 74772 
9908 11
57173 59591 41684 36946 80690 93533 58543 88742 81351 35394 57506 
8530 19
11503 81373 87719 5892 26138 53582 59089 88957 32631 2304 20859 16064 42760 98024 99723 22968 96213 27044 82458 
8529 18
19540 43616 61811 17094 40305 81584 63083 17443 16333 82995 62195 98238 34061 17692 86019 33292 24222 96560 
9989 11
40136 69340 25891 37255 41493 19744 19518 11994 59460 34117 60722 
9862 11
17807 48445 7539 11419 96593 25300 1559 74405 73623 55292 28365 
3978 19
83202 79777 64383 38070 30858 97688 81877 16539 95845 63814 23535 92462 8031 64152 16469 14252 22060 37725 34379 
4161 17
29767 58830 60484 97390 54607 6123 67072 36175 71239 22736 43903 71136 44979 26151 44725 70495 8554 
7423 18
4552 14758 77118 52148 77942 57216 93393 48104 67653 61238 49296 71332 99438 85889 27530 35212 85842 29139 
7788 15
93017 96357 95242 11442 50965 9265 85644 80059 28498 81779 77333 12163 43502 91153 72443 
9842 14
58365 77661 75365 54736 76781 21875 39293 70352 29122 38843 63452 46210 11049 66410 
7228 10
37230 88849 38605 686 274 29492 8623 76995 80177 70387 
492 14
45676 18596 44563 16537 72265 10014 35416 72294 6530 64182 21598 82254 65385 57815 
3661 19
2850 60421 39094 34869 38805 35354 44137 27145 28916 70726 64373 31606 70964 37492 55775 8813 67158 61865 72065 
9428 17
6692 38957 29554 77154 90134 76841 17925 3439 8108 12780 69314 35567 73231 79523 69561 74371 88080 
9395 19
63323 73868 3728 38865 74413 80327 76918 95505 47997 74230 72621 50843 37366 11216 84421 39446 26482 33518 72655 
3926 16
56092 18547 6370 40281 95927 90087 96483 34839 57655 58959 55415 18013 32509 75612 64846 25024 
7330 19
64336 99326 62727 36096 62179 2640 28662 43214 1405 1190 50827 67048 73596 7272 46124 98435 93978 49032 82553 
5102 18
14725 54312 18683 45706 63246 38408 26637 12318 10890 47516 84978 17349 61158 54628 23615 42106 70213 20371 
7094 19
64048 1428 77473 84941 79965 74424 51750 59037 80845 31213 64642 24734 23434 68226 75526 21472 96503 1162 93398 
7093 16
79402 42157 39774 89207 55072 29316 4706 85529 70846 12418 58470 35516 71751 36406 31400 5216 
7092 20
42777 47563 24410 40561 51913 78613 94096 93133 87291 63367 33861 70064 63378 23563 36091 34427 43485 36653 42356 98147 
8044 15
26518 35711 83526 15894 42354 47803 38491 22944 12197 50505 85836 79925 30685 4439 223 
7365 16
94120 47899 24404 74549 25467 30940 49671 15457 44941 68828 41699 22261 87609 41395 56987 55581 
3260 20
91237 89863 14826 96228 24043 55655 61791 39142 66299 43231 72765 74932 54925 76746 40396 45027 93053 64924 3875 15742 
8823 12
35484 18049 26060 71026 89128 96608 73262 180 88339 43613 64297 63018 
8695 18
27877 15204 81040 79720 68652 81554 88096 16115 49874 45625 41061 66047 59758 90469 86649 65975 56484 94710 
8694 13
84842 47514 78086 75940 15918 71673 77469 72607 30180 74777 36920 50759 57741 
8693 17
67336 86501 97527 35608 68741 21768 49482 60780 38325 21149 69895 74924 61202 64123 20390 36047 74548 
8692 17
95188 53154 54288 69884 74708 20701 86377 32830 50988 61674 91642 57056 82683 17008 97207 83213 10284 
8691 20
48126 46058 1012 33992 55052 80049 35565 87419 18437 15480 78477 20152 50247 78715 55714 29434 85175 15371 11153 59290 
9938 16
14655 30212 25607 45974 73694 99117 54067 96019 5561 85244 12168 20363 27421 65909 35077 58260 
7926 15
10129 8243 80345 24277 69405 96734 23307 91739 82307 30372 21307 98060 10932 37555 72866 
6778 18
95296 30961 34242 21137 6127 52112 54201 73491 87782 16495 37912 35639 98077 74162 20464 29637 59211 6880 
4364 15
21995 61301 70129 34699 24242 83347 15208 94136 36672 34216 95358 7404 30905 33386 48440 
6973 19
23983 77403 46445 12060 95609 53502 6542 81117 46200 37169 7409 77705 3243 27754 15418 39018 87416 90005 29035 
9764 13
46100 9175 80927 20494 83885 14881 4042 75237 16660 24801 27849 70257 4855 
5603 20
11639 18771 63919 44483 60253 68814 91467 36033 91287 71466 50688 45866 18846 70731 39712 23256 15974 32625 49701 74338 
8504 19
98394 77330 26174 33874 46658 79836 94219 15554 52634 48275 41987 17580 5482 27984 96191 38261 7577 77133 28330 
5218 16
45440 42971 53246 84869 46262 773 76634 80338 67667 95968 53319 30995 28247 67623 4674 76474 
5217 20
12111 60730 38185 92665 82743 90692 80791 52308 53706 98857 72548 65789 45659 70659 77481 7586 87386 17866 81225 51270 
5216 16
42960 29441 53103 17781 41242 66662 22130 62611 53913 59669 71614 54335 94131 82337 81082 17737 
6217 19
85806 11473 26532 45158 67029 3693 76904 69296 23486 31558 94618 24966 13626 42311 21660 12635 35640 39143 48716 
9854 15
27114 36474 35927 84044 17155 93033 34180 68112 37262 13134 23803 75673 96724 86727 65292 
9924 12
67034 2702 11346 90976 57076 93209 3698 87739 78073 73168 79192 83587 
2888 17
1113 27199 29021 35531 61731 86631 11199 78047 71669 46496 67357 52120 17445 46442 3555 95775 6628 
5172 20
51447 57499 4624 78612 70466 52269 6742 17102 52564 57587 40985 22553 863 71104 45727 8430 24432 67828 5955 32583 
3561 20
25835 44147 9167 82546 74799 25782 34048 25274 26253 50011 24286 55414 20460 69293 36781 30477 76132 92977 92728 14063 
9281 19
96240 87780 52423 78149 61814 38406 42917 38466 2527 77334 18969 2251 22265 27080 14887 96201 12268 81445 47114 
1390 18
34984 16486 93172 42695 27045 91844 35068 10923 52498 64952 44031 77440 77629 21207 73468 54901 36942 16117 
7053 18
15532 89946 77455 83631 98355 30609 19720 39059 38441 32436 10115 62851 99961 10807 2170 23647 94799 30912 
9004 20
50181 36971 91454 15081 4126 97560 43022 47208 88047 99714 81614 56579 57502 94860 21376 2341 2861 90422 42909 35105 
7037 20
48985 81267 53124 43135 83890 48839 56971 76844 53984 99397 43065 91291 65088 78772 47961 5450 12469 80734 30514 37019 
750 20
92071 45847 29780 33695 61805 70699 72284 25166 22942 60875 58691 27988 22160 66429 8859 26957 54682 44190 9158 51654 
3131 20
25916 75232 33174 21640 79677 52663 86452 98020 55098 81657 82593 13032 3452 14673 950 44377 15789 21631 12018 10637 
8830 18
6214 45977 57780 9647 16566 16467 35642 50171 9366 36290 97975 38328 95773 92023 94091 52113 45011 18417 
1396 19
14729 13878 39439 63399 93003 39365 52596 15454 45522 74729 44435 85660 18933 91682 801 8224 13852 19984 3595 
7095 18
15823 41230 47170 37031 80570 54755 17924 13116 59207 58048 3480 22452 8894 81411 37289 51387 84377 67940 
819 20
42237 46521 9051 59985 38840 36913 46094 90790 375 71082 56750 30841 32648 36266 63321 83060 32313 4057 821 56340 
9585 14
28036 20053 97532 83487 63036 99210 86064 2083 94962 84797 18634 86603 19175 42067 
8426 10
91510 83273 15101 8901 38071 32974 13842 32018 217 52490 
8204 10
40297 71347 2745 52786 57673 63473 5903 9613 61657 20947 
8604 17
99108 25487 68088 22575 54246 54071 3954 11379 65850 96884 12887 64168 17243 40209 60917 47355 84146 
7453 19
14205 40331 97225 37916 28857 9978 92744 82402 34858 75202 36997 63903 58689 95498 77099 77578 69493 16120 13229 
8765 17
33770 48013 10039 57380 41705 33365 78438 84191 4786 94104 92979 53588 40138 71763 77128 15146 7386 
2935 17
79361 13418 34906 75105 91478 29005 89387 84668 37879 44126 89879 94414 14544 7784 63695 68413 1992 
6243 13
84939 97168 33200 30006 32293 7736 14940 98535 52810 80566 17299 75155 95067 
9765 15
19955 73487 60333 36363 83933 86614 19901 16191 2683 17962 30865 6174 84824 23382 50859 
3143 17
42649 37235 59583 18534 45143 62130 32051 17543 84221 30071 94576 88731 9431 42561 68253 93548 60822 
8829 16
15612 76914 80964 32351 60154 42473 6946 66638 99814 17970 25656 40659 39423 11171 79287 97340 
2991 20
36568 38343 80187 71546 18985 82300 90602 69656 35481 465 85266 16259 37044 60312 11897 37961 44075 3424 5604 11800 
5310 20
49946 63451 45286 6534 606 15813 38852 94736 39682 64901 31827 46404 83030 53672 83429 31916 18854 76641 96402 22487 
2493 20
33551 79579 4729 43399 39918 33432 63953 32355 74389 48818 42085 15829 40108 95617 35806 8519 57871 76814 83473 58246 
9729 10
67106 46723 6259 51893 78062 36552 5126 63154 34780 90372 
3185 18
50910 68256 52155 55901 57456 44564 4197 93039 4309 84 62089 26586 22276 87182 52478 29793 37546 71160 
5091 17
12683 88734 69124 8330 79615 89906 31388 10382 44496 25414 38037 57384 28866 21570 39856 28304 65945 
6133 16
71467 86575 72064 68820 8887 6366 69944 28856 55928 97822 89538 49229 30365 24389 83538 33681 
6132 19
99616 70159 78304 91995 22965 35404 31537 49399 3129 98166 7367 31414 82418 24486 53964 86473 72999 51697 70814 
8074 12
4832 19611 45120 99324 29887 14759 33718 80333 3207 56874 2383 25865 
9997 12
53944 72730 69237 71992 59288 52051 63033 85584 47148 44061 28529 10870 
7060 18
93846 27679 36746 1094 43941 55985 13396 83866 24093 7246 77052 87369 28890 24698 75704 91064 19290 60798 
6425 18
99538 41959 5578 85082 79267 50735 47278 68512 29255 21005 2229 45582 61552 75644 89959 55379 2971 97892 
8022 17
52916 65212 67839 71972 10528 46178 75087 12906 27499 87756 79845 34877 55956 27204 65478 14467 45980 
1732 18
66346 85095 77835 36969 86390 42712 79532 95742 51465 83200 20354 35228 81321 69460 13456 36844 59602 13721 
1731 19
95703 43551 45653 49365 58646 62603 9773 68097 88863 6756 26239 26296 40693 4499 84056 44982 76857 2408 19645 
9558 12
37640 39989 99470 44328 16982 73770 28015 80495 72902 60053 44205 7981 
9505 13
9010 25253 31978 32170 82550 89049 3604 91610 63090 61376 67620 14852 61134 
8909 14
40426 21309 75049 20547 6919 95429 54987 2667 115 43909 75742 68007 435 64102 
8908 10
18740 9896 47608 23677 73609 17147 56085 32725 8952 69959 
8907 13
68004 74611 15103 97765 31850 32879 46257 31954 89328 27706 47420 90796 96707 
9005 14
28730 88842 26884 36582 65686 2618 89364 50357 81212 6137 46995 14595 78116 8426 
5534 20
50786 71409 98793 66942 33510 52878 74179 59937 26135 39133 70486 90095 27854 20387 2758 94338 77129 74311 59219 26878 
8010 17
13808 33030 14499 1975 7871 10941 30931 30824 49921 16226 16460 40130 85314 229 76075 37263 35199 
1705 18
69544 50406 45330 54074 27480 55585 26647 22932 60703 28747 29573 10868 85721 41700 76267 5702 26430 20589 
9978 13
95881 76952 8269 33823 34257 91524 43088 88991 74011 18542 56180 81895 55913 
9500 19
72959 78540 51910 25983 37207 96693 99293 21030 36795 1970 76375 85490 59168 32404 12882 28882 4282 36316 97685 
2214 15
71149 6515 5449 64376 37980 9236 69006 21223 59437 45646 36172 94368 69665 75024 51556 
8425 14
87774 51261 77331 53213 908 20376 93780 56705 57872 64533 41110 29713 10636 27870 
2272 20
9206 22491 5206 96791 68847 42152 43677 37437 16773 52030 67806 9912 88934 35079 22940 3080 10556 37839 95462 38857 
9297 17
71787 31437 63350 78330 47521 50021 47484 59140 93994 81907 64046 31246 46791 35231 54516 47539 66552 
6353 16
57423 17003 1445 23099 16119 178 10206 55380 58491 7019 55507 71687 29908 32526 62463 44320 
6352 18
42358 31336 45271 49638 61506 34590 27570 65044 40118 66726 43860 95531 23511 38972 64329 42176 77842 3993 
9448 14
55935 5051 4943 9443 36953 48465 85402 43306 78274 46176 95692 65335 37353 92009 
6264 14
52462 28513 61515 3141 337 43446 29158 29548 59028 26960 53289 7346 24559 89882 
54 16
67037 84312 25896 13920 66803 72890 42403 52778 1443 50638 97254 81349 16396 49211 24468 30585 
5466 17
91189 40277 14706 2736 66412 82475 32026 96410 33856 7857 38270 52855 51308 51760 30119 79206 94602 
3120 20
63599 45779 89957 86000 70284 807 99902 3756 72215 41195 54200 92494 80761 74725 82105 81665 75149 16260 95577 85769 
8813 16
54251 11616 59781 37144 45398 395 87692 42476 16129 37505 262 68709 44950 35767 31128 27263 
9235 14
33298 68457 73539 28208 18807 57604 34253 75751 17945 17797 6052 41087 21296 72012 
8328 18
86907 92596 3549 46690 17414 8882 9753 74458 76330 45149 70422 22131 63526 42852 86436 45518 28629 1788 
1751 20
76085 10173 5504 85976 530 77078 38477 3221 82455 18610 25177 13126 75106 1225 98930 45212 59370 23485 54011 51072 
7916 15
19129 96798 55109 20643 64829 59875 84453 90693 84011 70865 81899 37387 35994 23730 77673 
7915 20
18992 34481 84370 44172 63578 31875 40240 42153 51671 2984 47089 45680 92930 8085 44050 44434 99973 17288 46346 27513 
7914 14
57089 74671 81934 97637 1456 96940 44292 66882 49133 46977 74167 16138 59744 21151 
9084 16
52301 15079 3867 53570 44721 48948 59389 76536 7640 45016 43262 28672 91376 67758 98019 58395 
9911 17
53222 31495 72497 22964 35153 16947 86125 21567 1380 80577 23834 4393 244 60879 9623 30592 10230 
9720 18
16111 25884 33347 70879 73585 96957 81285 96415 21247 42978 91104 30377 6806 57160 11298 99676 31174 10059 
9719 20
74404 30244 24754 30907 25049 71837 46940 96587 93677 58109 55435 26098 68349 57958 43859 73150 54031 18188 5882 76970 
9718 14
72254 40880 8281 97351 70248 3346 12925 45299 99806 19613 22627 55710 80369 90626 
9717 20
24005 49619 34430 89528 31613 8818 17131 80175 54700 81030 83029 53060 31011 80746 36358 71094 87353 10492 17668 85268 
9708 13
8605 45119 87235 85654 80547 52377 5765 70708 14147 60909 49730 10494 81913 
9707 15
36814 95357 27819 99620 85085 39835 52041 87802 34001 9036 33601 27205 27375 13368 85220 
9706 12
24397 56148 86304 37654 97494 72876 50141 68751 34059 34909 34532 90497 
9705 14
58906 79893 21730 53875 97209 42775 15915 26274 96765 68451 13389 60926 45949 49793 
9704 9
98748 86859 97986 59334 55951 60594 64171 63779 81793 
9703 11
98926 90235 13060 45649 67841 12110 42533 23476 24399 35915 95628 
9702 17
63975 77496 44013 96935 47152 89086 51711 9987 1112 80762 16939 31672 57784 34872 79870 25175 11170 
9701 20
65966 27268 25174 1525 1052 8094 31395 15781 2818 68342 91110 62016 51074 83698 72243 31118 8182 15834 82937 86794 
9700 18
17492 58324 6800 83823 51515 2329 51166 88315 19420 64634 5373 96534 20571 20511 8632 57491 10710 57461 
9699 10
29326 56797 43398 78471 58579 41630 35772 41854 8932 24925 
9698 17
92291 2858 9822 77378 94115 94939 45340 33685 83381 59490 65985 1781 51196 67096 71931 71194 49355 
9896 13
30933 5848 71693 51150 7590 49592 28821 8172 61914 49364 40084 59598 34972 
2373 20
92511 95985 99184 91996 57460 60194 5275 42763 81065 90410 29834 80114 79075 60599 80700 56102 90475 33766 12505 2562 
8157 18
30093 33974 29338 77610 88748 80572 38401 17039 8976 2164 62986 5079 56037 43416 80212 16395 43003 34530 
8035 15
1779 2800 14168 31200 28630 55293 29341 99826 77348 78731 8020 35789 43877 87378 97810 
5439 20
96330 74913 21990 60442 49521 86206 69698 75089 24440 17824 11942 80092 20181 10570 95183 86027 92296 62001 838 51725 
6669 20
59832 96915 92111 3242 85781 83505 23109 99363 42918 67049 70627 38592 85615 76938 13095 35314 77258 1918 1889 1901 
8881 20
87714 46870 10983 2323 76252 26481 26857 44273 39100 34154 20058 24006 29936 41064 4049 19065 95003 82095 44613 91574 
1478 19
29736 81910 56764 95287 31959 59763 29280 16091 11030 70272 40915 94114 89956 99281 44076 3165 94760 16541 88154 
9080 15
62283 62624 88381 36678 10837 22636 82772 71727 61045 50566 65491 25423 34134 95328 27874 
6979 19
89839 41474 32591 40294 57859 71799 71246 93347 41412 21211 30325 25493 15498 8991 43631 3425 18600 22906 76206 
7850 10
29032 78818 56844 76876 72125 54381 80359 8981 24543 92627 
8705 17
90488 10597 95673 30052 32535 92879 96302 10174 76391 6164 24516 36907 82756 90814 96945 38588 78570 
9464 17
50244 56677 17767 15907 36072 79175 64670 75668 20540 40743 4775 14621 44619 5588 85252 41956 52116 
5974 11
38978 49233 98932 75206 81565 84033 71643 64753 27183 21201 99226 
6748 18
64061 68273 97875 79119 71806 417 97302 27241 68823 15252 42864 23326 75359 87396 29682 75415 20156 72526 
9266 9
36294 41799 23035 21046 56308 35622 34632 79672 43016 
9996 16
74454 31883 45377 6242 83827 69971 78170 46351 67187 92682 85586 50533 37131 53335 6423 43344 
9480 16
80537 74009 37602 42351 15794 54988 62468 24088 50598 89930 58791 12866 14023 7050 74313 7150 
6896 14
43256 40894 27736 36394 87490 92287 7467 46116 69225 98261 90054 68943 4452 26379 
9977 17
49485 63775 92433 43782 68248 52412 65820 1364 65125 47123 40856 60396 87676 72965 28429 33970 4094 
6867 12
27024 66601 8746 44935 13419 38443 51229 53114 83791 41730 91405 74037 
456 17
55689 71859 18385 65439 18127 7165 66596 41921 62416 94108 60387 37620 87689 53796 44679 9380 59989 
7496 16
31034 28470 89302 15189 65539 42372 18581 83511 72242 79063 42525 11057 1708 41918 19343 32602 
836 19
79309 88896 58737 32937 65475 11472 43994 48816 46794 21077 33905 95451 26497 23010 65888 42037 33446 66978 56437 
8007 18
54352 6443 96427 40022 72541 11953 30831 69823 46666 81508 76165 57778 29781 49812 3544 62831 3974 96336 
